528016 35.1191 -291.016 -243.518 -70.553 298.337 -332.209 256.968 -358.526 -100.984 326.227 -313.006 -169.479 -1.83557 38.0919 309.746 84.7659 21.9156 -307.221 -335.228 -125.986 -39.6555 295.047 -182.112 -355.604 244.889 121.017 329.752 -273.487 274.362 
169.216 -217.338 -353.435 -239.399 -210.007 221.095 294.231 -273.869 -217.067 62.6529 204.954 95.5246 279.089 -11.8685 -244.672 -135.759 350.064 -199.649 363.439 -290.581 272.728 -141.983 -59.2198 -297.249 -276.745 -208.889 -362.449 318.578 -306.124 -304.683 
-51.0275 10.8995 -133.521 258.12 341.567 -193.412 3.08229 -241.676 131.177 -247.889 269.584 155.563 52.6453 -354.523 -356.773 45.7256 86.6245 -278.084 -63.1336 -331.526 -108.853 -17.1311 232.532 39.3125 335.433 -197.873 -194.808 -257.088 -259.291 8.86677 
178.661 -223.539 181.647 35.7807 -175.96 258.225 -38.9754 267.131 -183.611 186.944 -320.256 272.287 -11.5984 -288.445 -169.844 -65.055 124.193 206.101 -191.216 -230.705 -159.755 343.527 -280.43 62.3414 338.505 345.317 -131.798 299.036 346.703 355.094 
191.908 38.5904 307.403 -310.076 -268.597 356.219 -354.753 35.6409 -261.992 364.984 302.506 148.488 -2.76423 -45.8355 -140.268 339.507 -147.511 -365.401 30.7994 183.012 273.179 -148.408 285.29 179.097 -87.9189 -179.648 355.342 122.143 274.558 -295.837 
347.665 228.916 -233.938 279.684 358.101 -191.3 362.595 254.863 277.013 -291.604 -281.868 165.56 -238.963 125.382 -183.017 177.137 237.787 170.801 -46.3514 320.356 90.4597 105.65 -77.1016 -384.385 110.192 354.756 181.165 -143.165 298.719 91.3491 
356.073 -241.488 -172.764 266.932 244.818 -168.443 389.3 -154.015 113.062 -48.2416 -204.187 -333.131 209.67 -112.662 -118.083 -310.633 180.23 -367.735 -185.363 189.716 45.0539 -69.3571 -106.57 127.726 305.644 261.54 56.3999 266.725 39.6708 -358.138 
-259.431 355.875 324.856 99.2605 280.044 208.393 178.05 183.499 349.263 -65.337 -19.6467 80.7682 -63.1368 -224.836 -73.21 126.218 276.358 279.469 -353.892 -115.525 -321.799 198.151 220.818 -359.059 203.5 376.018 198.614 -91.9292 -89.4236 57.7365 
313.8 -240.289 196.72 334.595 310.301 -168.819 -203.415 -169.123 -169.363 -84.0655 58.0795 209.925 240.772 50.7325 233.281 213.346 -76.5702 321.306 153.669 -230.435 183.883 -373.879 -173.833 -79.7509 -221.086 68.9028 230.115 3.66411 -343.095 -286.937 
-337.15 -372.052 -28.8584 -317.402 361.225 -310.051 -40.1734 134.829 -132.747 -190.587 -300.542 -19.6237 -143.19 45.3267 204.692 -274.654 -31.37 126.647 -287.515 365.351 65.128 335.125 -199.348 264.673 57.0611 -311.122 -66.6875 -126.353 352.661 -90.4762 
122.673 86.9548 93.7552 -99.2273 -172.226 12.8658 347.707 324.409 363.391 -107.98 -257.52 -134.012 -170.103 222.583 119.538 126.219 -190.702 311.372 -120.348 202.597 309.576 -136.722 30.6186 76.5786 89.7651 -338.418 355.978 173.012 225.825 248.227 
-5.40619 247.859 -251.442 132.557 -218.402 224.433 152.068 -345.792 174.373 81.3832 -151.445 269.861 -240.692 -192.588 -255.258 296.067 265.671 -175.279 205.14 -98.2364 317.241 43.7737 305.768 32.4192 -152.789 214.794 -184.677 -169.021 -212.136 -149.71 
168.727 -272.875 245.396 147.92 144.043 271.608 -54.2401 -210.465 258.044 -31.4058 -175.621 -356.52 -160.454 163.856 99.4145 81.3556 -289.4 -341.641 257.733 -164.718 13.1067 -124.972 -256.123 298.383 -79.6049 -280.774 202.845 342.341 -36.3217 -2.08088 
327.282 -302.442 352.799 47.8415 -188.115 336.705 243.598 -65.1094 132.024 220.601 68.8552 188.811 -149.753 -100.467 218.471 -27.8701 -165.505 85.3004 -12.2661 -117.956 322.13 269.923 392.625 236.729 -323.53 370.449 -361.411 322.637 -20.6105 341.01 
253.52 150.656 -6.91759 -218.222 183.501 -125.828 -216.818 352.94 -39.9695 -49.9559 316.539 148.765 -344.114 382.199 227.725 25.0407 137.743 307.088 12.5202 -260.315 111.646 391.508 -180.902 -20.7359 -216.05 -261.468 -308.402 390.584 307.819 327.259 
83.5627 153.396 -158.039 220.225 -352.267 -61.9413 48.19 37.656 142.02 172.201 106.113 306.596 132.944 266.566 -182.1 228.809 24.1993 151.201 -326.149 96.6139 124.74 336.979 133.814 122.992 -306.25 -21.7628 275.085 -92.1662 8.88347 68.5214 
-104.294 -49.8544 175.503 159.353 -76.5512 41.7863 238.625 322.311 -326.971 203.324 -63.4532 -104.035 208.776 318.997 -246.805 -56.9256 286.247 -110.161 -248.289 198.113 368.145 261.309 -59.7737 -90.123 -219.767 203.961 -223.277 48.0892 328.361 365.972 
370.695 -275.875 211.312 20.2237 204.933 64.7297 -182.725 347.576 55.1561 -233.639 310.834 342.703 -88.8337 195.572 -226.333 190.974 -278.244 -146.37 402.3 11.2943 183.839 -247.516 -272.801 -74.1547 -3.14891 275.925 -132.362 -30.105 31.262 -77.6892 
-63.4621 -349.179 -335.138 292.879 17.328 361.637 166.707 195.118 222.846 -101.91 -154.228 254.474 261.455 -29.4221 -355.957 -275.67 380.986 311.698 37.8299 335.639 -160.062 223.529 332.225 278.61 268.324 250.649 307.943 -129.903 128.117 155.831 
24.3567 -83.5831 -3.34132 299.008 357.584 -25.5647 352.317 94.7097 -135.576 -63.0115 -9.89041 214.826 -47.5281 207.644 49.3519 -138.545 315.034 121.432 -307.415 14.7036 288.124 379.703 196.634 193.866 23.1948 143.669 310.203 324.137 -308.774 326.128 
369.507 -371.575 -203.44 4.03495 199.979 -356.349 -66.964 -154.692 -100.571 -69.5627 381.697 -240.214 -150.612 185.385 359.056 162.679 -66.9433 69.1449 349.216 -213.836 -188.68 17.8795 241.298 293.349 199.664 279.282 157.594 -295.728 7.86202 136.068 
-168.964 247.534 -164.476 28.9823 -121.739 85.1372 -154.1 -363.446 -280.914 31.409 315.458 -13.3207 -117.418 12.0861 46.4705 -133.409 329.18 -160.78 -51.5279 -172.687 298.527 350.413 273.235 219.229 343.982 -192.172 172.262 222.976 167.275 210.042 
-222.914 -209.961 -193.25 361.751 67.2166 15.5096 -273.72 287.804 176.734 103.78 -304.651 307.366 350.261 -326.475 -20.6976 -148.035 -307.078 22.7539 384.489 344.815 -172.837 -67.1937 161.127 -276.437 56.3195 265.179 -37.8841 244.21 359.5 34.6483 
230.373 -267.071 315.751 -333.91 164.328 -185.496 -161.343 202.297 182.756 207.386 -250.439 -226.264 -308.375 185.529 -299.5 349.556 124.956 166.575 204.608 -42.7133 -259.946 -354.12 -338.341 -107.343 311.432 67.7403 -30.2789 -228.816 -169.682 -207.699 
87.9633 275.462 372.288 -297.932 -74.9412 188.477 -78.3377 -67.1543 158.468 -170.974 191.552 333.015 -183.394 188.004 186.528 397.977 132.729 -29.3443 -92.0659 354.277 -64.2174 -149.08 308.305 71.734 -288.289 72.1759 348.618 13.2845 265.547 -54.1443 
-40.4208 113.194 7.52997 -319.242 116.347 248.977 -126.352 25.0173 -179.538 189.828 337.694 -40.109 -96.6526 18.3792 174.313 -163.551 -294.321 73.687 21.0111 -85.8852 272.82 95.9145 138.997 350.123 -219.399 337.929 -309.347 333.065 270.491 250.598 
-258.181 -134.115 134.407 347.51 5.22491 -20.33 58.7611 -209.338 -335.411 -196.227 -130.08 213.923 133.458 -232.1 208.79 149.023 45.5921 83.4322 282.999 343.163 -202.017 -5.8658 78.063 -216.301 327.307 148.225 -320.314 34.8083 205.859 346.973 
-375.264 147.014 345.164 -48.5758 356.095 118.958 319.854 -135.95 -363.845 -20.5854 328.007 163.042 -326.365 99.9885 291.692 -106.061 183.518 -97.88 21.889 -156.912 192.396 -218.488 34.9988 262.677 65.9177 271.045 20.7595 -366.739 338.731 -158.171 
232.56 -242.977 363.655 -152.89 230.572 -359.316 182.713 71.5449 -48.2504 169.124 122.974 215.346 -319.029 -245.994 143.513 -205.59 389.374 -10.1688 350.898 385.708 -206.777 -302.651 -300.036 -299.451 -240.709 19.2668 9.70449 -212.588 14.7397 -361.995 
-310.813 -108.79 253.128 -290.158 360.13 215.572 285.922 -248.879 -350.367 154.264 -294.717 336.396 -345.733 349.069 -344.45 -263.832 131.499 159.741 124.11 -273.332 -253.115 -253.017 -295.315 -102.061 -157.955 182.154 220.694 188.918 -77.4943 165.087 